Game 1
5 0
1 1 5 5
1 5 5 1
2 1 4 5
1 2 5 4
3 1 3 5
1 3 5 3
4 1 2 5
1 4 5 2
5 3 2 4
4 2 3 5
3 2 4 3

Game 2
5 3
1 1 5 5
3 4 4 3
2 1 4 3
1 2 5 4
2 5 4 5
3 1 2 3
1 2 5 4
2 1 4 5

Game 3
11 4
1 2 11 10
10 11 2 1
9 8 4 3
3 4 8 9 
1 4 11 2
3 1 2 10
9 7 5 4
10 4 2 8
5 2 6 11
2 1 11 3
3 2 3 10
8 4 7 8
2 5 4 9
9 1 1 6
6 4 2 10
11 11 2 11
10 7 8 3
1 5 3 2
4 8 2 9
9 5 7 1
8 2 3 4
3 7 2 10
11 6 6 11
4 5 9 2
8 1 1 7
5 8 4 2
8 9 3 2
7 3 2 1
9 8 6 1
8 2 4 7
3 6 2 1
3 8 4 2
11 4 3 11
6 5 2 8
4 7 8 2
1 6 9 1

Game 4
12 7
9 8 3 1
5 12 2 4
11 2 6 1
2 5 11 9
6 1 1 6
3 1 8 6
3 4 7 4
12 7 4 9
8 1 5 1
5 12 9 3
7 6 10 10
10 3 9 3
12 5 7 7
2 9 10 2
7 10 10 4
1 5 11 11
6 2 3 8
10 3 12 1
2 10 4 1
6 7 4 12

Game 5
15 2
5 12 12 13
15 3 10 12
5 3 15 10
14 3 11 2
3 3 6 8
14 8 6 7
10 13 8 15
14 15 10 3
11 1 10 3
9 7 5 9
4 3 4 14
12 13 4 10
9 5 11 2
10 12 10 2
1 1 5 1
8 1 7 8
4 14 1 7
5 10 7 3
10 4 14 10
13 3 1 11
